Evaluation: 6210491.034747813828290
Max_distance: 4978506.480000000447035
Normalizer: 722989785.090000391006470