Evaluation: 4526237.801017570309341
Max_distance: 4970123.959999999962747
Normalizer: 182907823.060000002384186